0 1 1 0.00110987791342952 1 1 0.00114025085518814 0.0045662100456621 1 1 1 1 1 0.00364963503649635 1 0.00110253583241455 1 1 0.00106496272630458 0.00555555555555556 0.00555555555555556 1 1 0.00152905198776758 1 1 1 1 1 1 0.00161550888529887 1 1 0.00574712643678161 0.00152905198776758 0.00152905198776758 1 1 0.00531914893617021 0.00636942675159236 0.00518134715025907 1 0.00102249488752556 1 1 1 0.00641025641025641 1 1 1 1 1 1 0.00102145045965271 1 1 0.00147710487444609 1 1 1 1 1 0.00518134715025907 1 1 1 0.00119331742243437 1 1 1 1 1 1 1 1 1 1
1 0 1 0.00204081632653061 0.00145560407569141 0.0021551724137931 0.00555555555555556 1 1 0.00307692307692308 0.005 1 0.00100401606425703 1 0.00342465753424658 0.00380228136882129 0.00531914893617021 1 0.0062111801242236 1 1 0.00229885057471264 1 1 0.00337837837837838 0.0037037037037037 1 1 1 0.00574712643678161 1 0.00543478260869565 1 1 1 1 1 1 1 0.0050251256281407 0.00146412884333821 1 1 1 0.0062111801242236 1 1 0.00217864923747277 0.0021551724137931 0.0021551724137931 0.00239234449760766 0.00175131348511384 0.00201207243460765 0.00436681222707424 1 1 0.00129032258064516 1 1 0.00105374077976818 1 0.0037037037037037 1 1 1 1 1 0.00649350649350649 1 1 1 0.0021978021978022 0.00662251655629139 0.00531914893617021 1 1 0.00555555555555556
1 1 0 1 0.00564971751412429 1 0.00416666666666667 1 1 1 1 1 1 1 1 1 1 1 1 1 1 1 1 1 1 1 1 1 1 1 1 1 1 1 1 1 1 1 1 1 0.00425531914893617 0.00518134715025907 0.00242718446601942 1 1 1 0.00411522633744856 1 1 1 1 1 1 0.0040650406504065 0.00327868852459016 1 0.005 1 0.0012453300124533 1 1 0.00366300366300366 1 1 0.00595238095238095 0.00495049504950495 0.00411522633744856 1 1 1 1 0.00148809523809524 0.00161550888529887 1 1 1 1
0.00110987791342952 0.00204081632653061 1 0 0.00121506682867558 0.00107991360691145 0.00398406374501992 1 0.00105932203389831 0.00291545189504373 1 0.0065359477124183 0.00100401606425703 0.00133868808567604 0.00123762376237624 0.001001001001001 0.00401606425702811 1 0.001001001001001 0.00106382978723404 0.005 0.00109769484083425 0.00288184438040346 0.00518134715025907 1 1 1 1 1 0.00584795321637427 1 0.00606060606060606 1 0.00102880658436214 0.00518134715025907 0.00518134715025907 1 1 0.005 1 0.00204918032786885 0.00512820512820513 0.00108695652173913 1 1 1 1 0.0011001100110011 0.0012531328320802 0.00108225108225108 0.00126742712294043 0.00112994350282486 0.00125944584382872 0.0033112582781457 0.00568181818181818 1 0.00101419878296146 0.00337837837837838 1 0.00114678899082569 1 1 1 1 1 1 1 1 1 1 1 1 1 1 0.00107758620689655 1 0.00278551532033426
1 0.00145560407569141 0.00564971751412429 0.00121506682867558 0 0.00100401606425703 0.00418410041841004 0.00492610837438424 0.00193050193050193 0.00105820105820106 0.00130039011703511 1 0.001001001001001 0.00100908173562059 0.00131406044678055 0.001001001001001 0.00104931794333683 1 0.001230012300123 0.00233644859813084 0.00294117647058824 0.00100704934541793 0.00216450216450216 1 0.00436681222707424 0.00440528634361234 1 1 1 0.00273224043715847 1 0.00495049504950495 1 0.00133868808567604 1 1 1 1 0.00105263157894737 0.00641025641025641 0.00314465408805031 0.00555555555555556 0.00242718446601942 1 1 1 0.00294117647058824 0.00110741971207087 0.0012531328320802 0.00108695652173913 0.00136425648021828 0.00111607142857143 0.00121951219512195 0.00101214574898785 1 1 0.00100704934541793 0.00118483412322275 1 0.00100200400801603 1 0.00440528634361234 1 1 1 1 1 1 1 1 1 1 0.00497512437810945 1 0.00403225806451613 1 0.00103412616339193
1 0.0021551724137931 1 0.00107991360691145 0.00100401606425703 0 0.00613496932515337 1 0.00225733634311512 0.00342465753424658 0.00395256916996047 1 0.00100908173562059 0.00104166666666667 0.00174216027874564 0.00102774922918808 0.00326797385620915 1 0.00384615384615385 0.00401606425702811 1 0.00118343195266272 0.0048780487804878 1 1 1 1 1 1 0.00617283950617284 1 0.00625 1 0.00314465408805031 1 1 1 1 0.00119760479041916 1 0.0045662100456621 1 1 1 1 1 1 0.00101214574898785 0.00133689839572193 0.00116279069767442 0.00137362637362637 0.00126742712294043 0.00133511348464619 0.00425531914893617 1 1 0.00112485939257593 0.00202020202020202 1 0.00102564102564103 1 1 1 1 1 1 1 1 1 1 1 1 1 1 0.00617283950617284 1 0.00218818380743982
0.00114025085518814 0.00555555555555556 0.00416666666666667 0.00398406374501992 0.00418410041841004 0.00613496932515337 0 0.00110619469026549 0.0022271714922049 0.00105708245243129 0.00518134715025907 1 0.00263852242744063 0.00153609831029186 0.00366300366300366 0.001001001001001 0.00104931794333683 1 0.001001001001001 0.00103199174406605 0.00104931794333683 0.00213675213675214 0.00366300366300366 0.00112866817155756 0.00598802395209581 0.00518134715025907 0.00110497237569061 1 1 0.00101010101010101 1 0.00233644859813084 0.0036231884057971 0.00105263157894737 0.00112866817155756 0.00112866817155756 0.00440528634361234 0.00546448087431694 0.00367647058823529 0.00100806451612903 0.00100908173562059 0.00100401606425703 0.00100806451612903 0.00242718446601942 1 1 0.00193423597678917 0.00134770889487871 0.00140449438202247 0.00364963503649635 0.00344827586206897 0.00143472022955524 0.00105708245243129 0.00101214574898785 1 0.00497512437810945 0.001001001001001 1 1 0.00235294117647059 0.00436681222707424 0.00469483568075117 1 1 1 0.00325732899022801 0.00313479623824451 0.00148148148148148 1 1 0.00347222222222222 0.00233100233100233 0.00111607142857143 1 0.00108932461873638 0.00384615384615385 0.00234192037470726
0.0045662100456621 1 1 1 0.00492610837438424 1 0.00110619469026549 0 0.00233644859813084 0.00233100233100233 1 1 0.00436681222707424 0.00214592274678112 1 0.001001001001001 0.00195694716242661 1 0.001001001001001 0.00111482720178372 0.00111607142857143 0.00384615384615385 1 0.00110497237569061 1 1 1 1 1 0.00334448160535117 1 1 1 0.00106723585912487 0.00110497237569061 0.00110497237569061 1 1 1 0.00120627261761158 0.00107874865156419 0.00109769484083425 0.00267379679144385 1 1 1 0.00512820512820513 0.00497512437810945 0.0045662100456621 1 0.00425531914893617 0.00581395348837209 0.00495049504950495 0.00112866817155756 1 1 0.00103950103950104 1 1 0.00497512437810945 1 1 1 1 1 1 1 0.00161550888529887 1 1 1 0.00595238095238095 0.00495049504950495 1 0.00109649122807018 1 0.00384615384615385
1 1 1 0.00105932203389831 0.00193050193050193 0.00225733634311512 0.0022271714922049 0.00233644859813084 0 0.00105042016806723 1 1 0.00185185185185185 0.00100806451612903 0.00251889168765743 0.001001001001001 0.00109051254089422 1 0.001001001001001 0.00116414435389988 0.00408163265306122 0.00239234449760766 1 0.00540540540540541 1 0.00462962962962963 1 1 1 0.00120772946859903 1 1 1 0.00105820105820106 0.00540540540540541 0.00540540540540541 1 1 0.00588235294117647 0.00116959064327485 0.00505050505050505 0.00628930817610063 0.00497512437810945 1 1 1 1 0.00153846153846154 0.00130039011703511 0.00175746924428822 0.0020746887966805 0.0022075055187638 0.00187265917602996 0.00106496272630458 1 1 0.00105042016806723 0.00110253583241455 1 0.0025706940874036 1 1 1 1 1 1 1 0.00120048019207683 1 1 1 1 0.00469483568075117 1 0.00108813928182807 1 0.00108459869848156
1 0.00307692307692308 1 0.00291545189504373 0.00105820105820106 0.00342465753424658 0.00105708245243129 0.00233100233100233 0.00105042016806723 0 0.00555555555555556 1 0.005 0.00107181136120043 0.00558659217877095 0.001001001001001 0.001001001001001 1 0.00107296137339056 0.00294117647058824 0.00294117647058824 0.00350877192982456 1 1 1 0.00408163265306122 1 0.00490196078431373 1 1 1 1 1 0.00109409190371991 1 1 1 1 1 1 0.00531914893617021 1 1 1 1 1 1 0.00366300366300366 0.00392156862745098 0.00467289719626168 0.00311526479750779 0.00584795321637427 0.00143266475644699 0.00145772594752187 1 1 0.00188679245283019 0.00390625 1 0.00408163265306122 1 0.00326797385620915 1 1 1 1 1 1 1 1 1 1 1 1 0.00109409190371991 1 0.00107642626480086
1 0.005 1 1 0.00130039011703511 0.00395256916996047 0.00518134715025907 1 1 0.00555555555555556 0 1 0.0018018018018018 0.00117924528301887 0.00235294117647059 0.00315457413249211 0.0045662100456621 1 0.00512820512820513 1 1 0.00121359223300971 1 1 1 1 1 1 1 1 1 1 1 1 1 1 1 1 1 1 1 1 1 1 1 1 1 0.00526315789473684 0.00552486187845304 0.00584795321637427 1 1 0.00510204081632653 0.005 1 1 1 1 1 0.00111111111111111 1 0.00436681222707424 1 1 1 1 1 1 1 1 1 1 1 1 1 1 0.00274725274725275
1 1 1 0.0065359477124183 1 1 1 1 1 1 1 0 1 1 1 1 1 1 1 1 1 1 1 1 1 1 1 1 1 1 1 1 1 1 1 1 1 1 1 1 1 1 1 1 1 1 1 1 1 1 1 1 1 1 1 1 1 1 1 1 1 1 1 1 1 1 1 1 1 1 1 1 1 1 1 1 1
1 0.00100401606425703 1 0.00100401606425703 0.001001001001001 0.00100908173562059 0.00263852242744063 0.00436681222707424 0.00185185185185185 0.005 0.0018018018018018 1 0 0.00140646976090014 0.00153139356814701 0.0015015015015015 0.00617283950617284 1 0.00408163265306122 0.00490196078431373 0.00518134715025907 0.00128040973111396 0.00393700787401575 0.00161550888529887 1 1 1 1 1 0.00106609808102345 1 1 1 0.00510204081632653 0.00161550888529887 0.00161550888529887 1 1 1 1 0.0015015015015015 1 0.00595238095238095 1 1 1 1 0.00110741971207087 0.0013531799729364 0.00116686114352392 0.00125944584382872 0.00142247510668563 0.00122850122850123 0.00384615384615385 1 1 0.00129533678756477 0.00200803212851406 1 0.00100200400801603 1 0.00440528634361234 1 1 1 1 1 1 1 1 1 1 1 0.00478468899521531 0.00393700787401575 1 0.00303951367781155
0.00364963503649635 1 1 0.00133868808567604 0.00100908173562059 0.00104166666666667 0.00153609831029186 0.00214592274678112 0.00100806451612903 0.00107181136120043 0.00117924528301887 1 0.00140646976090014 0 0.00190839694656489 0.001001001001001 0.00105485232067511 1 0.0010515247108307 0.00263157894736842 0.002710027100271 0.001001001001001 0.001001001001001 1 1 1 1 1 1 0.0011037527593819 1 1 1 0.00214132762312634 1 1 1 1 0.00555555555555556 0.00555555555555556 0.00313479623824451 1 0.00294117647058824 1 1 1 0.00436681222707424 0.00150602409638554 0.00181488203266788 0.00145560407569141 0.0018450184501845 0.00206185567010309 0.00161812297734628 0.00101010101010101 1 1 0.00104712041884817 0.00333333333333333 1 0.00106044538706257 1 0.00476190476190476 1 1 1 1 1 1 1 1 1 0.00294117647058824 0.00268096514745308 1 0.00108695652173913 1 0.00104384133611691
1 0.00342465753424658 1 0.00123762376237624 0.00131406044678055 0.00174216027874564 0.00366300366300366 1 0.00251889168765743 0.00558659217877095 0.00235294117647059 1 0.00153139356814701 0.00190839694656489 0 0.00101010101010101 1 1 1 1 1 0.00103092783505155 0.00404858299595142 1 1 1 1 1 1 1 1 1 1 0.0043859649122807 1 1 1 1 1 1 1 1 1 1 1 1 1 0.001001001001001 0.001001001001001 0.001001001001001 0.001001001001001 0.00101317122593718 0.001001001001001 1 1 1 0.00135135135135135 0.00628930817610063 1 0.00288184438040346 1 1 1 1 1 1 1 1 1 1 1 1 0.00436681222707424 1 1 1 1
0.00110253583241455 0.00380228136882129 1 0.001001001001001 0.001001001001001 0.00102774922918808 0.001001001001001 0.001001001001001 0.001001001001001 0.001001001001001 0.00315457413249211 1 0.0015015015015015 0.001001001001001 0.00101010101010101 0 0.001001001001001 1 0.001001001001001 0.00101214574898785 0.00149925037481259 0.00105374077976818 1 0.00140646976090014 1 1 1 1 1 0.00104931794333683 1 1 1 0.00104384133611691 0.00140646976090014 0.00140646976090014 1 1 0.0043859649122807 0.00666666666666667 0.00175438596491228 0.004149377593361 0.0018450184501845 1 1 1 0.00666666666666667 0.00102774922918808 0.001001001001001 0.001001001001001 0.00105485232067511 0.0010515247108307 0.00100704934541793 0.00100704934541793 1 1 0.00100502512562814 0.00109769484083425 1 0.00268096514745308 1 0.00114810562571757 1 1 1 0.00574712643678161 0.0050251256281407 0.00119760479041916 1 1 0.00416666666666667 0.00114025085518814 0.00106496272630458 1 0.00108459869848156 1 0.00103092783505155
1 0.00531914893617021 1 0.00401606425702811 0.00104931794333683 0.00326797385620915 0.00104931794333683 0.00195694716242661 0.00109051254089422 0.001001001001001 0.0045662100456621 1 0.00617283950617284 0.00105485232067511 1 0.001001001001001 0 1 0.00105485232067511 0.00213675213675214 0.00214592274678112 0.00518134715025907 1 1 1 1 1 1 1 1 1 1 1 0.00108932461873638 1 1 1 1 1 1 0.00512820512820513 1 0.00408163265306122 1 1 1 1 1 1 1 1 0.00537634408602151 0.00147710487444609 0.00364963503649635 1 1 0.00205761316872428 1 1 1 1 0.00334448160535117 1 1 1 1 1 1 1 1 1 1 1 1 0.0011001100110011 1 0.00108932461873638
1 1 1 1 1 1 1 1 1 1 1 1 1 1 1 1 1 0 1 1 1 1 0.00595238095238095 1 1 1 1 1 1 1 1 1 1 1 1 1 1 1 1 1 1 1 1 1 1 1 1 1 1 1 1 1 1 0.0040650406504065 1 1 1 1 1 0.00161030595813205 1 1 1 1 1 1 0.00117508813160987 1 1 1 1 1 0.00431034482758621 1 1 1 1
0.00106496272630458 0.0062111801242236 1 0.001001001001001 0.001230012300123 0.00384615384615385 0.001001001001001 0.001001001001001 0.001001001001001 0.00107296137339056 0.00512820512820513 1 0.00408163265306122 0.0010515247108307 1 0.001001001001001 0.00105485232067511 1 0 0.0050251256281407 0.00103734439834025 0.00303951367781155 0.00436681222707424 0.00401606425702811 1 0.00512820512820513 1 0.00512820512820513 1 0.00101729399796541 1 0.00531914893617021 1 0.00107874865156419 0.00401606425702811 0.00401606425702811 1 1 0.00549450549450549 0.00313479623824451 0.00366300366300366 0.00636942675159236 0.00101317122593718 0.00518134715025907 1 1 0.00347222222222222 0.00564971751412429 0.00109289617486339 0.0011001100110011 0.00110253583241455 0.00110497237569061 0.00100603621730382 0.00101112234580384 1 1 0.0017636684303351 0.00617283950617284 1 0.00313479623824451 1 1 1 1 1 0.00510204081632653 0.00617283950617284 0.00105820105820106 0.00512820512820513 1 1 0.00315457413249211 0.00229885057471264 1 0.00109170305676856 0.00617283950617284 0.00313479623824451
0.00555555555555556 1 1 0.00106382978723404 0.00233644859813084 0.00401606425702811 0.00103199174406605 0.00111482720178372 0.00116414435389988 0.00294117647058824 1 1 0.00490196078431373 0.00263157894736842 1 0.00101214574898785 0.00213675213675214 1 0.0050251256281407 0 0.00127226463104326 0.00425531914893617 1 0.00617283950617284 1 1 1 1 1 0.00106044538706257 1 0.00208768267223382 1 0.00401606425702811 0.00617283950617284 0.00617283950617284 1 1 0.00606060606060606 1 0.00420168067226891 1 0.0034965034965035 1 1 1 1 1 1 1 1 1 0.00151285930408472 0.00271739130434783 1 1 0.00104275286757039 1 1 0.00518134715025907 1 1 1 1 1 1 1 0.00122399020807834 1 1 1 0.00452488687782805 0.003690036900369 1 0.00564971751412429 0.00480769230769231 0.0033112582781457
0.00555555555555556 1 1 0.005 0.00294117647058824 1 0.00104931794333683 0.00111607142857143 0.00408163265306122 0.00294117647058824 1 1 0.00518134715025907 0.002710027100271 1 0.00149925037481259 0.00214592274678112 1 0.00103734439834025 0.00127226463104326 0 0.00555555555555556 1 1 1 0.00518134715025907 1 1 1 1 1 1 1 0.00334448160535117 1 1 1 1 1 1 0.00568181818181818 1 0.00574712643678161 1 1 1 1 1 1 1 1 1 1 0.004149377593361 1 1 0.00263852242744063 1 1 0.00574712643678161 1 1 1 1 1 1 1 1 1 1 1 1 0.00558659217877095 1 1 1 0.00555555555555556
1 0.00229885057471264 1 0.00109769484083425 0.00100704934541793 0.00118343195266272 0.00213675213675214 0.00384615384615385 0.00239234449760766 0.00350877192982456 0.00121359223300971 1 0.00128040973111396 0.001001001001001 0.00103092783505155 0.00105374077976818 0.00518134715025907 1 0.00303951367781155 0.00425531914893617 0.00555555555555556 0 0.00242718446601942 0.00505050505050505 0.00115606936416185 1 1 1 1 0.00104384133611691 1 1 1 0.00327868852459016 0.00505050505050505 0.00505050505050505 1 1 1 1 0.00315457413249211 1 0.00315457413249211 1 1 1 1 0.00125628140703518 0.00102986611740474 0.00101317122593718 0.00104166666666667 0.00101729399796541 0.00102354145342886 0.00268096514745308 1 1 0.00104602510460251 0.00334448160535117 1 0.00175438596491228 1 0.00512820512820513 0.00111234705228031 0.00411522633744856 1 1 1 1 1 1 1 1 0.00306748466257669 1 0.00413223140495868 1 0.00105485232067511
1 1 1 0.00288184438040346 0.00216450216450216 0.0048780487804878 0.00366300366300366 1 1 1 1 1 0.00393700787401575 0.001001001001001 0.00404858299595142 1 1 0.00595238095238095 0.00436681222707424 1 1 0.00242718446601942 0 0.0043859649122807 1 1 1 0.005 1 1 1 1 1 1 0.0043859649122807 0.0043859649122807 1 1 1 1 0.00436681222707424 0.005 0.00518134715025907 1 1 1 0.00546448087431694 0.0040650406504065 0.00367647058823529 0.00325732899022801 0.0053475935828877 0.00309597523219814 0.00518134715025907 1 1 1 0.0029673590504451 1 1 0.00104602510460251 1 0.00161550888529887 0.00161550888529887 1 1 1 1 1 1 1 1 0.00564971751412429 1 1 1 1 1
0.00152905198776758 1 1 0.00518134715025907 1 1 0.00112866817155756 0.00110497237569061 0.00540540540540541 1 1 1 0.00161550888529887 1 1 0.00140646976090014 1 1 0.00401606425702811 0.00617283950617284 1 0.00505050505050505 0.0043859649122807 0 1 0.00540540540540541 0.00117508813160987 0.00118063754427391 1 0.00109409190371991 1 1 1 0.005 1 1 1 1 1 1 0.00100300902708124 0.00100502512562814 0.001001001001001 1 1 1 1 0.00123456790123457 0.0012453300124533 0.00125 0.00123456790123457 1 1 0.001001001001001 1 1 0.0010183299389002 1 1 0.00334448160535117 0.00113250283125708 0.00552486187845304 1 1 0.00125 1 1 0.00109529025191676 1 1 0.0053475935828877 0.00100200400801603 0.001001001001001 0.00109769484083425 0.00110741971207087 1 1
1 0.00337837837837838 1 1 0.00436681222707424 1 0.00598802395209581 1 1 1 1 1 1 1 1 1 1 1 1 1 1 0.00115606936416185 1 1 0 0.00159489633173844 1 1 1 1 1 1 0.00108932461873638 1 1 1 1 1 1 0.00632911392405063 0.00101112234580384 0.00102774922918808 0.00101010101010101 1 1 1 1 1 1 0.00649350649350649 1 1 1 0.00145348837209302 1 1 0.00303030303030303 1 1 1 1 0.00606060606060606 1 1 1 1 1 1 1 1 1 1 1 0.00259067357512953 1 1 0.00138888888888889
1 0.0037037037037037 1 1 0.00440528634361234 1 0.00518134715025907 1 0.00462962962962963 0.00408163265306122 1 1 1 1 1 1 1 1 0.00512820512820513 1 0.00518134715025907 1 1 0.00540540540540541 0.00159489633173844 0 1 1 1 1 1 1 0.00123762376237624 1 0.00540540540540541 0.00540540540540541 1 1 1 0.00625 0.00152905198776758 0.0040650406504065 0.0014903129657228 1 1 1 1 1 1 1 1 1 1 0.00148588410104012 1 1 0.00411522633744856 1 1 1 1 1 1 1 1 1 1 1 1 1 1 1 1 0.00275482093663912 1 1 0.00337837837837838
1 1 1 1 1 1 0.00110497237569061 1 1 1 1 1 1 1 1 1 1 1 1 1 1 1 1 0.00117508813160987 1 1 0 0.00145985401459854 1 1 1 1 1 1 0.00117508813160987 0.00117508813160987 1 1 1 1 0.00100200400801603 0.00141043723554302 0.00436681222707424 1 1 1 1 1 1 1 1 1 1 0.00108459869848156 1 1 1 1 1 0.00161030595813205 0.00111234705228031 1 1 1 1 1 1 1 1 1 0.00386100386100386 0.00110132158590308 0.00109649122807018 0.00218340611353712 0.00111234705228031 1 1
1 1 1 1 1 1 1 1 1 0.00490196078431373 1 1 1 1 1 1 1 1 0.00512820512820513 1 1 1 0.005 0.00118063754427391 1 1 0.00145985401459854 0 1 1 1 1 0.00490196078431373 1 0.00118063754427391 0.00118063754427391 1 1 1 1 0.00117096018735363 0.00371747211895911 0.0043859649122807 1 1 1 1 1 1 1 1 1 1 0.00641025641025641 1 1 1 1 1 1 1 1 1 1 1 1 1 1 1 1 0.00401606425702811 1 1 0.00235294117647059 1 1 1
1 1 1 1 1 1 1 1 1 1 1 1 1 1 1 1 1 1 1 1 1 1 1 1 1 1 1 1 0 1 1 1 1 1 1 1 1 1 1 0.00137551581843191 1 1 1 1 1 1 1 1 1 1 1 0.00555555555555556 1 1 1 1 1 1 1 1 1 1 0.00442477876106195 1 1 1 1 1 1 1 1 1 1 1 1 1 1
1 0.00574712643678161 1 0.00584795321637427 0.00273224043715847 0.00617283950617284 0.00101010101010101 0.00334448160535117 0.00120772946859903 1 1 1 0.00106609808102345 0.0011037527593819 1 0.00104931794333683 1 1 0.00101729399796541 0.00106044538706257 1 0.00104384133611691 1 0.00109409190371991 1 1 1 1 1 0 1 0.00518134715025907 1 1 0.00109409190371991 0.00109409190371991 1 1 1 0.00512820512820513 0.0050251256281407 0.00588235294117647 0.00326797385620915 1 1 1 1 0.00617283950617284 1 1 0.00636942675159236 1 0.00617283950617284 0.00110497237569061 1 0.00159489633173844 0.00325732899022801 1 1 0.00303951367781155 1 1 1 1 1 0.00564971751412429 0.00161030595813205 0.001001001001001 1 1 0.00313479623824451 0.00121212121212121 0.004149377593361 1 0.00109409190371991 1 0.00303030303030303
0.00161550888529887 1 1 1 1 1 1 1 1 1 1 1 1 1 1 1 1 1 1 1 1 1 1 1 1 1 1 1 1 1 0 1 0.00102564102564103 1 1 1 0.00324675324675325 1 1 1 1 1 1 1 0.00175746924428822 1 1 1 1 1 1 1 1 1 1 1 1 1 1 1 1 1 1 1 1 1 1 1 0.00344827586206897 1 1 1 1 1 1 1 1
1 0.00543478260869565 1 0.00606060606060606 0.00495049504950495 0.00625 0.00233644859813084 1 1 1 1 1 1 1 1 1 1 1 0.00531914893617021 0.00208768267223382 1 1 1 1 1 1 1 1 1 0.00518134715025907 1 0 0.0029673590504451 1 1 1 0.00235294117647059 0.0045662100456621 1 0.003690036900369 1 1 0.00119760479041916 0.001001001001001 1 1 1 1 1 1 1 1 1 0.00108108108108108 1 0.00483091787439614 0.00304878048780488 1 1 1 1 1 1 1 1 0.00416666666666667 1 1 0.00436681222707424 1 1 0.00411522633744856 0.00384615384615385 1 1 1 1
1 1 1 1 1 1 0.0036231884057971 1 1 1 1 1 1 1 1 1 1 1 1 1 1 1 1 1 0.00108932461873638 0.00123762376237624 1 0.00490196078431373 1 1 0.00102564102564103 0.0029673590504451 0 1 1 1 0.00102459016393443 0.00108225108225108 1 0.00108932461873638 1 1 0.00555555555555556 0.00105932203389831 1 1 1 1 1 1 1 1 1 0.00436681222707424 1 1 1 1 1 1 1 0.0053475935828877 1 1 1 1 0.00125 1 0.00636942675159236 0.00125 1 1 1 1 0.00271739130434783 1 1
0.00574712643678161 1 1 0.00102880658436214 0.00133868808567604 0.00314465408805031 0.00105263157894737 0.00106723585912487 0.00105820105820106 0.00109409190371991 1 1 0.00510204081632653 0.00214132762312634 0.0043859649122807 0.00104384133611691 0.00108932461873638 1 0.00107874865156419 0.00401606425702811 0.00334448160535117 0.00327868852459016 1 0.005 1 1 1 1 1 1 1 1 1 0 0.005 0.005 1 1 1 1 0.00107296137339056 0.00109529025191676 0.00510204081632653 1 1 1 1 0.004149377593361 0.00107296137339056 0.00145137880986938 0.00325732899022801 0.00328947368421053 0.00294117647058824 0.00106157112526539 1 1 0.00130208333333333 1 1 0.00327868852459016 0.00436681222707424 1 1 1 1 1 1 1 1 1 1 0.00512820512820513 0.00510204081632653 1 0.00100502512562814 1 0.00510204081632653
0.00152905198776758 1 1 0.00518134715025907 1 1 0.00112866817155756 0.00110497237569061 0.00540540540540541 1 1 1 0.00161550888529887 1 1 0.00140646976090014 1 1 0.00401606425702811 0.00617283950617284 1 0.00505050505050505 0.0043859649122807 1 1 0.00540540540540541 0.00117508813160987 0.00118063754427391 1 0.00109409190371991 1 1 1 0.005 0 1 1 1 1 1 0.00100300902708124 0.00100502512562814 0.001001001001001 1 1 1 1 0.00123456790123457 0.0012453300124533 0.00125 0.00123456790123457 1 1 0.001001001001001 1 1 0.0010183299389002 1 1 0.00334448160535117 0.00113250283125708 0.00552486187845304 1 1 0.00125 1 1 0.00109529025191676 1 1 0.0053475935828877 0.00100200400801603 0.001001001001001 0.00109769484083425 0.00110741971207087 1 1
0.00152905198776758 1 1 0.00518134715025907 1 1 0.00112866817155756 0.00110497237569061 0.00540540540540541 1 1 1 0.00161550888529887 1 1 0.00140646976090014 1 1 0.00401606425702811 0.00617283950617284 1 0.00505050505050505 0.0043859649122807 1 1 0.00540540540540541 0.00117508813160987 0.00118063754427391 1 0.00109409190371991 1 1 1 0.005 1 0 1 1 1 1 0.00100300902708124 0.00100502512562814 0.001001001001001 1 1 1 1 0.00123456790123457 0.0012453300124533 0.00125 0.00123456790123457 1 1 0.001001001001001 1 1 0.0010183299389002 1 1 0.00334448160535117 0.00113250283125708 0.00552486187845304 1 1 0.00125 1 1 0.00109529025191676 1 1 0.0053475935828877 0.00100200400801603 0.001001001001001 0.00109769484083425 0.00110741971207087 1 1
1 1 1 1 1 1 0.00440528634361234 1 1 1 1 1 1 1 1 1 1 1 1 1 1 1 1 1 1 1 1 1 1 1 0.00324675324675325 0.00235294117647059 0.00102459016393443 1 1 1 0 0.00110619469026549 1 0.00436681222707424 1 1 1 0.00110864745011086 1 1 1 1 1 1 1 1 1 1 1 1 1 1 0.00125 1 1 0.00523560209424084 1 1 1 1 1 1 1 1 1 1 1 1 1 1 1
1 1 1 1 1 1 0.00546448087431694 1 1 1 1 1 1 1 1 1 1 1 1 1 1 1 1 1 1 1 1 1 1 1 1 0.0045662100456621 0.00108225108225108 1 1 1 0.00110619469026549 0 1 0.00110132158590308 1 1 1 0.00102564102564103 1 1 1 1 1 1 1 1 1 1 1 1 1 1 0.00125 1 1 1 1 1 1 1 1 1 1 1 1 1 1 1 1 1 1
0.00531914893617021 1 1 0.005 0.00105263157894737 0.00119760479041916 0.00367647058823529 1 0.00588235294117647 1 1 1 1 0.00555555555555556 1 0.0043859649122807 1 1 0.00549450549450549 0.00606060606060606 1 1 1 1 1 1 1 1 1 1 1 1 1 1 1 1 1 1 0 1 1 1 0.00163934426229508 1 1 1 0.00314465408805031 1 1 1 1 1 1 0.00411522633744856 1 1 0.00101112234580384 1 1 1 0.00158982511923688 1 1 1 1 1 1 1 1 1 1 0.00120192307692308 0.00411522633744856 1 1 1 1
0.00636942675159236 0.0050251256281407 1 1 0.00641025641025641 1 0.00100806451612903 0.00120627261761158 0.00116959064327485 1 1 1 1 0.00555555555555556 1 0.00666666666666667 1 1 0.00313479623824451 1 1 1 1 1 0.00632911392405063 0.00625 1 1 0.00137551581843191 0.00512820512820513 1 0.003690036900369 0.00108932461873638 1 1 1 0.00436681222707424 0.00110132158590308 1 0 0.00436681222707424 0.00625 0.00100603621730382 0.00100603621730382 1 1 1 1 1 1 1 1 1 0.00100200400801603 0.00124843945068664 1 0.00425531914893617 1 1 1 0.00495049504950495 0.00144508670520231 1 1 0.00124843945068664 0.00100908173562059 1 1 1 1 0.00108459869848156 0.00442477876106195 0.00411522633744856 1 1 0.00436681222707424 1
0.00518134715025907 0.00146412884333821 0.00425531914893617 0.00204918032786885 0.00314465408805031 0.0045662100456621 0.00100908173562059 0.00107874865156419 0.00505050505050505 0.00531914893617021 1 1 0.0015015015015015 0.00313479623824451 1 0.00175438596491228 0.00512820512820513 1 0.00366300366300366 0.00420168067226891 0.00568181818181818 0.00315457413249211 0.00436681222707424 0.00100300902708124 0.00101112234580384 0.00152905198776758 0.00100200400801603 0.00117096018735363 1 0.0050251256281407 1 1 1 0.00107296137339056 0.00100300902708124 0.00100300902708124 1 1 1 0.00436681222707424 0 0.00103626943005181 0.00120627261761158 1 1 1 0.00148588410104012 0.00454545454545455 0.00308641975308642 1 0.00403225806451613 0.00261096605744125 0.0031055900621118 0.00103626943005181 1 1 0.00107181136120043 1 1 0.00229357798165138 0.00117924528301887 1 0.00325732899022801 0.00325732899022801 1 1 1 1 1 1 1 0.00100502512562814 0.00102880658436214 0.00109409190371991 0.00110864745011086 1 1
1 1 0.00518134715025907 0.00512820512820513 0.00555555555555556 1 0.00100401606425703 0.00109769484083425 0.00628930817610063 1 1 1 1 1 1 0.004149377593361 1 1 0.00636942675159236 1 1 1 0.005 0.00100502512562814 0.00102774922918808 0.0040650406504065 0.00141043723554302 0.00371747211895911 1 0.00588235294117647 1 1 1 0.00109529025191676 0.00100502512562814 0.00100502512562814 1 1 1 0.00625 0.00103626943005181 0 0.00136239782016349 1 1 1 0.00267379679144385 1 1 1 1 1 1 0.00101317122593718 1 1 0.00280112044817927 1 1 0.0012453300124533 0.00115340253748558 1 1 1 0.0033003300330033 0.00411522633744856 1 1 1 1 0.00518134715025907 0.0053475935828877 0.00606060606060606 0.00100603621730382 0.00111234705228031 1 1
0.00102249488752556 1 0.00242718446601942 0.00108695652173913 0.00242718446601942 1 0.00100806451612903 0.00267379679144385 0.00497512437810945 1 1 1 0.00595238095238095 0.00294117647058824 1 0.0018450184501845 0.00408163265306122 1 0.00101317122593718 0.0034965034965035 0.00574712643678161 0.00315457413249211 0.00518134715025907 0.001001001001001 0.00101010101010101 0.0014903129657228 0.00436681222707424 0.0043859649122807 1 0.00326797385620915 1 0.00119760479041916 0.00555555555555556 0.00510204081632653 0.001001001001001 0.001001001001001 1 1 0.00163934426229508 0.00100603621730382 0.00120627261761158 0.00136239782016349 0 0.00588235294117647 0.002710027100271 1 0.001001001001001 1 1 1 1 1 1 0.00100603621730382 0.00106723585912487 1 0.00187265917602996 1 1 0.00416666666666667 0.00314465408805031 0.00144300144300144 1 1 1 0.0036231884057971 0.00232558139534884 0.00249376558603491 1 1 0.00480769230769231 0.00108342361863489 0.00101936799184506 0.00436681222707424 1 0.00393700787401575 0.00423728813559322
1 1 1 1 1 1 0.00242718446601942 1 1 1 1 1 1 1 1 1 1 1 0.00518134715025907 1 1 1 1 1 1 1 1 1 1 1 1 0.001001001001001 0.00105932203389831 1 1 1 0.00110864745011086 0.00102564102564103 1 0.00100603621730382 1 1 0.00588235294117647 0 1 1 1 1 1 1 1 1 1 0.00436681222707424 1 0.00510204081632653 1 1 1 1 1 1 1 1 1 0.00518134715025907 1 1 1 1 1 0.00595238095238095 1 1 1 1 1
1 0.0062111801242236 1 1 1 1 1 1 1 1 1 1 1 1 1 1 1 1 1 1 1 1 1 1 1 1 1 1 1 1 0.00175746924428822 1 1 1 1 1 1 1 1 1 1 1 0.002710027100271 1 0 1 0.00602409638554217 1 1 1 1 1 1 0.00588235294117647 1 0.00108459869848156 1 1 1 1 1 0.0015625 1 1 1 1 1 1 0.00531914893617021 1 1 0.00393700787401575 0.00261096605744125 0.00636942675159236 1 1 1
1 1 1 1 1 1 1 1 1 1 1 1 1 1 1 1 1 1 1 1 1 1 1 1 1 1 1 1 1 1 1 1 1 1 1 1 1 1 1 1 1 1 1 1 1 0 0.00106609808102345 1 1 1 1 1 1 1 1 1 1 1 1 1 1 1 1 1 1 1 1 1 1 1 1 1 1 0.00625 1 1 1
0.00641025641025641 1 0.00411522633744856 1 0.00294117647058824 1 0.00193423597678917 0.00512820512820513 1 1 1 1 1 0.00436681222707424 1 0.00666666666666667 1 1 0.00347222222222222 1 1 1 0.00546448087431694 1 1 1 1 1 1 1 1 1 1 1 1 1 1 1 0.00314465408805031 1 0.00148588410104012 0.00267379679144385 0.001001001001001 1 0.00602409638554217 0.00106609808102345 0 1 1 1 1 1 1 0.00242718446601942 0.00103199174406605 1 0.00294117647058824 1 1 1 1 0.00138504155124654 1 1 1 0.00425531914893617 0.00242718446601942 0.00518134715025907 1 1 1 0.00134048257372654 0.00214132762312634 1 1 1 1
1 0.00217864923747277 1 0.0011001100110011 0.00110741971207087 0.00101214574898785 0.00134770889487871 0.00497512437810945 0.00153846153846154 0.00366300366300366 0.00526315789473684 1 0.00110741971207087 0.00150602409638554 0.001001001001001 0.00102774922918808 1 1 0.00564971751412429 1 1 0.00125628140703518 0.0040650406504065 0.00123456790123457 1 1 1 1 1 0.00617283950617284 1 1 1 0.004149377593361 0.00123456790123457 0.00123456790123457 1 1 1 1 0.00454545454545455 1 1 1 1 1 1 0 0.001001001001001 0.001001001001001 0.001001001001001 0.001001001001001 0.001001001001001 0.00357142857142857 1 1 0.00103842159916926 0.00217864923747277 1 0.00112739571589628 1 1 1 1 1 1 1 1 1 1 1 1 1 1 0.00392156862745098 1 0.00529100529100529
1 0.0021551724137931 1 0.0012531328320802 0.0012531328320802 0.00133689839572193 0.00140449438202247 0.0045662100456621 0.00130039011703511 0.00392156862745098 0.00552486187845304 1 0.0013531799729364 0.00181488203266788 0.001001001001001 0.001001001001001 1 1 0.00109289617486339 1 1 0.00102986611740474 0.00367647058823529 0.0012453300124533 1 1 1 1 1 1 1 1 1 0.00107296137339056 0.0012453300124533 0.0012453300124533 1 1 1 1 0.00308641975308642 1 1 1 1 1 1 0.001001001001001 0 0.001001001001001 0.001001001001001 0.001001001001001 0.001001001001001 0.0045662100456621 1 1 0.00105263157894737 0.00307692307692308 1 0.0010351966873706 1 1 0.00325732899022801 0.00325732899022801 1 1 1 1 1 1 1 1 1 1 0.00107066381156317 1 0.0045662100456621
1 0.0021551724137931 1 0.00108225108225108 0.00108695652173913 0.00116279069767442 0.00364963503649635 1 0.00175746924428822 0.00467289719626168 0.00584795321637427 1 0.00116686114352392 0.00145560407569141 0.001001001001001 0.001001001001001 1 1 0.0011001100110011 1 1 0.00101317122593718 0.00325732899022801 0.00125 0.00649350649350649 1 1 1 1 1 1 1 1 0.00145137880986938 0.00125 0.00125 1 1 1 1 1 1 1 1 1 1 1 0.001001001001001 0.001001001001001 0 0.00100300902708124 0.001001001001001 0.001001001001001 0.00326797385620915 1 1 0.00100704934541793 0.00324675324675325 1 0.00141442715700141 1 1 1 1 1 1 1 1 1 1 1 1 1 1 0.00232018561484919 1 0.00350877192982456
1 0.00239234449760766 1 0.00126742712294043 0.00136425648021828 0.00137362637362637 0.00344827586206897 0.00425531914893617 0.0020746887966805 0.00311526479750779 1 1 0.00125944584382872 0.0018450184501845 0.001001001001001 0.00105485232067511 1 1 0.00110253583241455 1 1 0.00104166666666667 0.0053475935828877 0.00123456790123457 1 1 1 1 1 0.00636942675159236 1 1 1 0.00325732899022801 0.00123456790123457 0.00123456790123457 1 1 1 1 0.00403225806451613 1 1 1 1 1 1 0.001001001001001 0.001001001001001 0.00100300902708124 0 0.00100200400801603 0.001001001001001 0.00526315789473684 1 1 0.00108342361863489 0.00241545893719807 1 0.00147275405007364 1 1 1 1 1 1 1 1 1 1 1 1 1 1 0.00543478260869565 1 1
1 0.00175131348511384 1 0.00112994350282486 0.00111607142857143 0.00126742712294043 0.00143472022955524 0.00581395348837209 0.0022075055187638 0.00584795321637427 1 1 0.00142247510668563 0.00206185567010309 0.00101317122593718 0.0010515247108307 0.00537634408602151 1 0.00110497237569061 1 1 0.00101729399796541 0.00309597523219814 1 1 1 1 1 0.00555555555555556 1 1 1 1 0.00328947368421053 1 1 1 1 1 1 0.00261096605744125 1 1 1 1 1 1 0.001001001001001 0.001001001001001 0.001001001001001 0.00100200400801603 0 0.001001001001001 0.00574712643678161 1 1 0.0010351966873706 0.00316455696202532 1 0.00174520069808028 1 1 1 1 1 1 1 1 1 1 1 1 1 1 0.00389105058365759 1 0.00469483568075117
1 0.00201207243460765 1 0.00125944584382872 0.00121951219512195 0.00133511348464619 0.00105708245243129 0.00495049504950495 0.00187265917602996 0.00143266475644699 0.00510204081632653 1 0.00122850122850123 0.00161812297734628 0.001001001001001 0.00100704934541793 0.00147710487444609 1 0.00100603621730382 0.00151285930408472 1 0.00102354145342886 0.00518134715025907 1 1 1 1 1 1 0.00617283950617284 1 1 1 0.00294117647058824 1 1 1 1 1 1 0.0031055900621118 1 1 1 1 1 1 0.001001001001001 0.001001001001001 0.001001001001001 0.001001001001001 0.001001001001001 0 0.00257731958762887 1 1 0.00103842159916926 0.00291545189504373 1 0.00102145045965271 1 1 1 1 1 0.00510204081632653 1 1 1 1 1 1 1 1 0.00303951367781155 1 0.00520833333333333
0.00102145045965271 0.00436681222707424 0.0040650406504065 0.0033112582781457 0.00101214574898785 0.00425531914893617 0.00101214574898785 0.00112866817155756 0.00106496272630458 0.00145772594752187 0.005 1 0.00384615384615385 0.00101010101010101 1 0.00100704934541793 0.00364963503649635 0.0040650406504065 0.00101112234580384 0.00271739130434783 0.004149377593361 0.00268096514745308 1 0.001001001001001 0.00145348837209302 0.00148588410104012 0.00108459869848156 0.00641025641025641 1 0.00110497237569061 1 0.00108108108108108 0.00436681222707424 0.00106157112526539 0.001001001001001 0.001001001001001 1 1 0.00411522633744856 0.00100200400801603 0.00103626943005181 0.00101317122593718 0.00100603621730382 0.00436681222707424 0.00588235294117647 1 0.00242718446601942 0.00357142857142857 0.0045662100456621 0.00326797385620915 0.00526315789473684 0.00574712643678161 0.00257731958762887 0 0.00641025641025641 0.00564971751412429 0.00193423597678917 1 1 0.00244498777506112 1 0.00148367952522255 1 1 1 0.003690036900369 0.003690036900369 1 0.0050251256281407 1 0.00497512437810945 0.00100603621730382 0.00106496272630458 1 0.00109649122807018 1 0.0031055900621118
1 1 0.00327868852459016 0.00568181818181818 1 1 1 1 1 1 1 1 1 1 1 1 1 1 1 1 1 1 1 1 1 1 1 1 1 1 1 1 1 1 1 1 1 1 1 0.00124843945068664 1 1 0.00106723585912487 1 1 1 0.00103199174406605 1 1 1 1 1 1 0.00641025641025641 0 1 1 1 1 1 1 1 0.0025974025974026 1 1 1 1 1 1 1 1 1 1 1 1 1 1
1 1 1 1 1 1 0.00497512437810945 1 1 1 1 1 1 1 1 1 1 1 1 1 1 1 1 1 1 1 1 1 1 0.00159489633173844 1 0.00483091787439614 1 1 1 1 1 1 1 1 1 1 1 0.00510204081632653 0.00108459869848156 1 1 1 1 1 1 1 1 0.00564971751412429 1 0 1 1 1 1 1 1 1 1 1 1 1 1 1 1 1 1 0.0033003300330033 1 1 1 1
0.00147710487444609 0.00129032258064516 0.005 0.00101419878296146 0.00100704934541793 0.00112485939257593 0.001001001001001 0.00103950103950104 0.00105042016806723 0.00188679245283019 1 1 0.00129533678756477 0.00104712041884817 0.00135135135135135 0.00100502512562814 0.00205761316872428 1 0.0017636684303351 0.00104275286757039 0.00263852242744063 0.00104602510460251 0.0029673590504451 0.0010183299389002 0.00303030303030303 0.00411522633744856 1 1 1 0.00325732899022801 1 0.00304878048780488 1 0.00130208333333333 0.0010183299389002 0.0010183299389002 1 1 0.00101112234580384 0.00425531914893617 0.00107181136120043 0.00280112044817927 0.00187265917602996 1 1 1 0.00294117647058824 0.00103842159916926 0.00105263157894737 0.00100704934541793 0.00108342361863489 0.0010351966873706 0.00103842159916926 0.00193423597678917 1 1 0 0.0037037037037037 1 0.00150602409638554 1 0.00490196078431373 1 1 1 1 1 0.00326797385620915 1 1 1 0.00267379679144385 0.00294117647058824 1 0.00106837606837607 0.00377358490566038 0.00263157894736842
1 1 1 0.00337837837837838 0.00118483412322275 0.00202020202020202 1 1 0.00110253583241455 0.00390625 1 1 0.00200803212851406 0.00333333333333333 0.00628930817610063 0.00109769484083425 1 1 0.00617283950617284 1 1 0.00334448160535117 1 1 1 1 1 1 1 1 1 1 1 1 1 1 1 1 1 1 1 1 1 1 1 1 1 0.00217864923747277 0.00307692307692308 0.00324675324675325 0.00241545893719807 0.00316455696202532 0.00291545189504373 1 1 1 0.0037037037037037 0 1 0.00102669404517454 1 1 1 1 1 1 1 0.00617283950617284 1 1 1 1 1 1 1 1 0.00543478260869565
1 1 0.0012453300124533 1 1 1 1 1 1 1 1 1 1 1 1 1 1 1 1 1 1 1 1 1 1 1 1 1 1 1 1 1 1 1 1 1 0.00125 0.00125 1 1 1 1 1 1 1 1 1 1 1 1 1 1 1 1 1 1 1 1 0 1 1 1 1 1 1 1 1 1 1 1 1 1 1 1 1 1 1
1 0.00105374077976818 1 0.00114678899082569 0.00100200400801603 0.00102564102564103 0.00235294117647059 0.00497512437810945 0.0025706940874036 0.00408163265306122 0.00111111111111111 1 0.00100200400801603 0.00106044538706257 0.00288184438040346 0.00268096514745308 1 0.00161030595813205 0.00313479623824451 0.00518134715025907 0.00574712643678161 0.00175438596491228 0.00104602510460251 0.00334448160535117 1 1 0.00161030595813205 1 1 0.00303951367781155 1 1 1 0.00327868852459016 0.00334448160535117 0.00334448160535117 1 1 1 1 0.00229357798165138 0.0012453300124533 0.00416666666666667 1 1 1 1 0.00112739571589628 0.0010351966873706 0.00141442715700141 0.00147275405007364 0.00174520069808028 0.00102145045965271 0.00244498777506112 1 1 0.00150602409638554 0.00102669404517454 1 0 1 0.00555555555555556 0.00111234705228031 1 1 1 1 1 0.0010989010989011 1 1 0.00625 0.00606060606060606 0.00138888888888889 0.00561797752808989 1 0.00102459016393443
1 1 1 1 1 1 0.00436681222707424 1 1 1 1 1 1 1 1 1 1 1 1 1 1 1 1 0.00113250283125708 1 1 0.00111234705228031 1 1 1 1 1 1 0.00436681222707424 0.00113250283125708 0.00113250283125708 1 1 0.00158982511923688 0.00495049504950495 0.00117924528301887 0.00115340253748558 0.00314465408805031 1 1 1 1 1 1 1 1 1 1 1 1 1 1 1 1 1 0 1 1 1 1 1 1 1 1 1 1 1 1 1 1 1 1
1 0.0037037037037037 0.00366300366300366 1 0.00440528634361234 1 0.00469483568075117 1 1 0.00326797385620915 0.00436681222707424 1 0.00440528634361234 0.00476190476190476 1 0.00114810562571757 0.00334448160535117 1 1 1 1 0.00512820512820513 0.00161550888529887 0.00552486187845304 0.00606060606060606 1 1 1 1 1 1 1 0.0053475935828877 1 0.00552486187845304 0.00552486187845304 0.00523560209424084 1 1 0.00144508670520231 1 1 0.00144300144300144 1 0.0015625 1 0.00138504155124654 1 1 1 1 1 1 0.00148367952522255 1 1 0.00490196078431373 1 1 0.00555555555555556 1 0 0.001001001001001 0.001001001001001 1 1 1 1 1 1 1 1 0.00636942675159236 1 1 1 1
0.00518134715025907 1 1 1 1 1 1 1 1 1 1 1 1 1 1 1 1 1 1 1 1 0.00111234705228031 0.00161550888529887 1 1 1 1 1 0.00442477876106195 1 1 1 1 1 1 1 1 1 1 1 0.00325732899022801 1 1 1 1 1 1 1 0.00325732899022801 1 1 1 1 1 0.0025974025974026 1 1 1 1 0.00111234705228031 1 0.001001001001001 0 0.001001001001001 1 1 1 1 1 1 1 0.00305810397553517 1 1 1 1 1
1 1 1 1 1 1 1 1 1 1 1 1 1 1 1 1 1 1 1 1 1 0.00411522633744856 1 1 1 1 1 1 1 1 1 1 1 1 1 1 1 1 1 1 0.00325732899022801 1 1 1 1 1 1 1 0.00325732899022801 1 1 1 1 1 1 1 1 1 1 1 1 0.001001001001001 0.001001001001001 0 1 1 1 1 1 1 1 1 1 1 1 1 1
1 1 0.00595238095238095 1 1 1 1 1 1 1 1 1 1 1 1 1 1 1 1 1 1 1 1 0.00125 1 1 1 1 1 1 1 1 1 1 0.00125 0.00125 1 1 1 0.00124843945068664 1 0.0033003300330033 1 1 1 1 1 1 1 1 1 1 1 1 1 1 1 1 1 1 1 1 1 1 0 0.00125 1 1 1 1 1 1 1 1 1 1 1
